84 52
2 8 16 8 16 8 4 16 16 8 4 64 32 64 32 4 2 8 8 2 64 64 4 32 32 2 4 2 64 4 64 8 32 64 4 4 32 4 16 64 32 64 32 8 64 2 2 32 4 8 64 16
32 8 4 32 8 32 2 16 32 8 2 16 2 4 8 64 16 64 2 4 2 4 64 16 2 4 32 64 4 16 4 8 64 8 2 2 8 4 16 64 64 32 8 16 2 64 32 16 8 32 32 2
8 32 2 8 64 4 4 2 4 16 64 16 2 4 64 4 2 64 8 32 16 4 4 16 2 2 8 8 2 4 2 8 64 32 2 64 4 4 64 32 4 16 16 4 8 4 16 32 2 8 32 64
64 2 64 2 4 2 32 2 64 4 4 4 32 64 32 16 8 64 8 2 8 8 2 64 4 2 4 64 4 32 64 32 8 64 32 32 32 2 2 64 8 4 8 4 4 2 8 16 8 32 2 4
8 64 2 8 16 64 4 8 2 4 8 32 16 64 64 32 64 16 4 32 2 64 16 2 16 4 2 8 32 64 8 32 4 4 32 64 32 64 32 8 2 8 16 64 32 16 32 16 16 64 8 2
4 32 2 2 2 32 32 8 16 4 32 16 2 32 8 16 64 8 2 8 64 32 32 8 8 4 32 4 64 4 2 64 16 8 2 8 4 4 4 8 8 64 64 4 8 2 16 16 32 4 32 4
4 16 16 4 4 32 16 2 2 64 16 16 64 8 2 64 8 64 4 2 8 8 4 4 16 4 64 32 32 64 8 2 4 64 32 8 32 16 2 2 64 2 4 32 4 32 32 8 4 4 2 8
16 64 32 4 2 64 32 2 16 16 2 64 2 32 4 16 64 16 8 32 8 64 16 4 4 32 32 64 2 4 8 8 8 2 8 64 16 64 64 64 4 2 4 8 32 64 32 2 16 2 8 4
4 16 32 32 2 2 2 64 32 8 8 2 32 8 2 4 2 64 4 64 32 64 16 4 4 2 4 32 64 4 32 4 32 2 16 2 64 64 2 2 32 64 4 8 8 4 4 4 2 32 8 4
4 32 2 64 64 16 64 64 4 2 64 8 2 8 16 16 8 4 8 32 8 32 32 8 32 64 8 32 4 32 4 2 32 64 32 8 64 32 8 8 2 8 16 16 8 16 2 64 4 8 16 32
16 32 16 2 16 2 2 4 64 16 64 64 16 64 4 8 4 64 16 16 32 2 32 8 2 64 16 16 4 4 16 2 4 64 2 32 16 16 4 8 16 4 8 8 4 4 16 64 64 4 8 64
16 4 2 32 8 16 4 8 64 4 2 16 16 4 4 64 32 2 32 32 4 8 8 64 16 4 16 8 16 2 4 16 8 64 32 4 32 32 8 2 64 16 16 2 16 8 32 8 2 16 4 32
16 16 8 16 64 64 32 64 4 2 64 32 4 64 8 64 64 8 16 2 4 16 4 16 2 64 16 16 64 2 16 2 2 64 4 64 2 32 16 32 8 8 2 64 32 32 32 4 8 2 64 2
4 4 32 4 32 32 64 16 32 4 32 64 64 32 4 64 8 16 32 8 16 64 4 4 32 16 32 32 64 8 16 64 64 2 32 16 32 2 2 32 2 64 8 4 4 2 2 4 16 16 64 8
64 8 64 4 64 64 8 8 4 4 16 4 2 8 8 2 2 16 16 16 8 2 32 64 2 4 4 4 32 8 4 32 16 2 4 64 4 64 4 2 64 64 4 64 64 8 2 16 4 32 16 4
32 16 64 4 32 8 8 4 64 16 4 2 64 16 2 16 4 2 8 4 4 8 64 32 64 4 32 8 16 32 16 4 8 32 4 32 8 32 8 16 16 16 32 4 16 32 64 32 32 8 8 8
64 8 4 16 4 4 2 16 4 32 2 32 16 64 16 2 64 64 8 2 4 16 32 16 16 8 32 32 4 4 8 32 8 8 64 2 2 8 32 64 64 8 16 64 4 16 8 2 2 8 64 4
64 32 32 4 64 64 32 4 8 4 64 4 2 8 64 8 2 16 32 8 64 64 32 4 2 16 16 8 8 16 32 8 16 8 32 32 32 8 4 32 64 32 64 2 32 4 4 64 2 2 8 4
64 64 64 64 4 8 2 8 2 2 8 2 32 2 2 16 16 4 16 4 32 2 2 4 16 2 32 64 64 4 32 8 8 16 4 8 4 2 16 32 32 32 4 16 2 2 16 8 4 64 64 16
4 64 4 2 64 64 32 8 4 2 32 32 32 16 2 2 32 16 64 32 16 64 32 16 64 32 4 8 32 4 8 4 32 32 2 64 16 16 32 16 64 8 4 64 16 64 8 32 32 32 64 2
4 32 32 2 4 32 4 8 32 16 8 8 4 2 64 32 32 64 8 64 4 32 8 4 8 8 4 32 2 64 4 4 8 8 4 32 32 32 32 8 4 4 8 64 16 32 8 16 4 32 2 64
16 4 8 64 2 4 2 4 16 2 2 2 8 64 2 8 8 8 4 16 16 32 16 32 32 16 16 8 8 8 16 16 2 32 8 16 64 2 4 64 64 2 8 8 64 4 64 8 4 2 2 4
4 4 16 64 16 8 4 16 64 16 4 32 64 32 4 32 8 2 2 8 16 64 2 8 16 16 4 32 32 16 2 16 64 32 8 64 4 64 16 32 8 32 16 16 16 16 32 16 4 64 2 4
16 64 32 64 2 64 64 32 2 4 2 2 32 32 64 2 64 32 4 2 2 32 64 16 64 2 2 4 8 16 4 64 4 16 8 64 64 2 16 8 32 16 16 4 16 16 64 2 8 32 8 32
16 32 4 2 2 64 4 16 16 32 2 16 64 8 8 4 2 64 8 16 32 64 4 8 2 2 16 64 2 4 16 2 16 4 32 4 2 16 8 32 64 32 64 32 32 32 8 32 64 64 32 32
8 32 4 32 2 16 16 8 8 16 8 8 2 2 8 64 32 4 16 8 8 2 16 64 2 8 4 32 8 4 32 2 8 2 64 8 8 4 64 32 2 64 16 64 64 8 8 64 2 32 16 16
4 16 32 16 16 16 16 64 64 32 2 2 32 4 16 64 64 32 32 2 4 2 4 8 4 64 4 32 16 4 16 16 16 4 64 64 2 2 64 2 64 32 8 32 4 4 4 32 64 8 64 16
16 8 64 64 8 8 4 8 2 2 64 32 64 16 2 32 2 2 16 4 8 64 64 64 4 32 8 8 4 64 16 2 64 64 2 32 2 16 4 8 8 16 32 16 4 2 32 2 16 32 8 64
2 64 64 4 4 2 64 64 32 8 4 32 64 2 64 64 8 8 16 32 64 2 8 8 32 16 64 4 32 4 16 2 64 16 64 4 32 4 4 2 64 8 64 4 32 8 4 2 2 64 2 8
64 64 16 2 2 32 8 32 8 8 2 16 8 64 16 32 16 16 2 4 2 2 64 64 64 8 2 32 32 16 32 8 2 16 32 4 2 2 2 64 32 32 64 32 32 64 4 4 64 8 2 32
16 2 2 2 16 4 16 8 2 4 64 2 32 16 64 4 32 32 8 32 32 2 8 16 32 32 16 4 2 64 64 64 8 2 32 32 2 8 64 8 16 64 2 16 64 64 4 2 32 32 32 16
16 64 4 2 4 4 4 16 32 16 2 4 64 32 64 32 4 4 64 8 32 64 16 2 16 16 8 8 2 32 32 8 16 64 16 16 4 4 32 8 32 32 32 32 64 8 4 4 64 64 16 8
4 32 64 16 4 8 64 4 4 32 32 8 16 32 8 8 16 64 2 8 4 2 4 2 4 32 32 16 8 32 32 64 32 8 32 8 16 8 2 4 64 64 4 64 16 32 4 64 16 2 16 2
4 4 8 2 4 64 4 4 64 4 4 64 8 16 16 8 8 64 32 8 2 8 2 2 8 64 16 64 4 32 8 2 64 4 8 4 16 16 16 4 64 64 2 8 16 64 8 64 64 32 2 32
8 16 8 64 2 2 2 32 4 16 2 32 8 2 2 64 16 4 8 64 8 64 8 8 64 32 8 4 16 64 2 2 32 2 32 32 64 2 4 32 4 16 16 8 32 32 32 32 16 2 2 32
16 64 64 16 64 32 16 4 64 8 4 16 8 8 16 16 16 2 16 4 4 4 4 8 32 64 2 16 64 64 8 4 16 8 8 32 32 32 64 32 64 16 8 16 8 16 32 32 2 4 8 4
2 32 64 16 2 64 8 8 8 2 8 64 4 8 16 4 64 8 8 16 64 8 16 2 4 32 8 32 16 2 32 64 2 8 4 32 64 4 16 8 8 64 16 64 64 32 16 8 8 32 4 16
8 64 32 32 2 64 32 4 64 8 32 2 8 64 4 2 32 2 2 64 32 4 2 32 4 4 2 8 4 4 16 2 8 8 16 16 8 32 4 8 32 32 2 64 8 8 64 32 4 32 8 8
2 16 64 8 2 8 32 4 16 4 8 2 8 64 8 64 16 16 16 64 2 64 16 4 32 2 16 4 2 32 4 2 4 16 32 2 4 4 2 4 4 4 64 16 32 8 8 2 8 2 32 64
2 4 4 8 8 64 8 2 16 2 16 8 16 4 2 8 4 8 32 2 2 2 4 4 4 16 4 16 4 4 4 16 4 8 2 4 8 2 8 4 64 16 32 16 16 8 8 8 32 4 64 16
4 64 16 4 16 2 64 32 8 64 64 64 32 32 32 2 32 4 16 8 64 8 64 16 2 2 64 2 2 64 2 64 16 32 32 64 2 2 16 8 16 32 4 64 2 8 8 64 2 16 8 4
4 8 2 64 64 8 64 16 4 16 64 16 64 32 16 16 16 16 16 32 4 32 16 4 4 64 8 8 64 16 64 2 4 64 4 64 16 16 2 64 8 32 2 64 8 16 16 2 4 64 64 2
16 4 64 64 16 8 16 8 32 16 64 16 2 4 8 32 32 64 64 32 8 4 2 8 8 64 4 2 8 16 64 16 16 16 32 2 16 8 64 16 16 16 32 16 64 64 2 64 8 32 16 16
16 16 4 8 2 4 2 2 8 32 4 4 16 8 16 16 32 8 32 8 32 8 32 8 32 4 32 16 32 8 2 8 4 64 32 2 4 8 4 32 32 16 64 4 8 8 2 16 8 16 32 16
32 64 32 16 8 16 64 64 2 16 2 4 8 16 32 32 4 16 16 16 64 32 32 8 8 32 2 32 32 8 4 4 16 4 8 2 8 8 16 32 16 32 8 2 8 16 8 64 8 8 4 32
4 2 32 32 16 2 2 8 2 32 64 2 32 4 4 16 16 32 4 8 4 32 16 16 2 2 2 32 4 8 32 8 16 32 2 64 64 32 4 2 2 4 16 8 2 4 16 32 64 64 32 16
8 4 64 64 4 8 4 4 32 32 4 32 64 16 64 8 4 8 2 2 32 2 64 64 8 4 4 4 4 4 8 64 32 64 2 64 8 32 8 32 2 16 2 16 64 32 32 64 8 4 8 2
16 16 2 4 32 64 16 4 16 64 4 64 4 16 2 2 32 8 16 8 2 4 8 64 64 16 8 8 2 8 64 8 64 32 4 8 16 16 64 32 32 8 8 2 8 32 32 16 64 64 32 64
8 32 64 8 64 2 32 2 4 16 8 8 32 8 2 32 4 2 4 32 64 64 16 4 4 16 64 16 2 4 32 16 64 2 16 8 2 64 2 2 16 2 32 2 32 32 2 16 64 32 64 64
4 8 8 8 64 16 64 8 32 8 16 32 8 32 16 16 64 32 8 64 2 32 4 2 16 64 2 16 16 32 64 32 16 32 64 16 32 2 16 2 16 32 2 32 32 2 8 64 2 64 32 8
32 8 4 8 16 2 4 2 8 4 64 8 16 4 32 4 8 64 2 64 2 32 16 64 4 64 4 64 32 4 16 64 64 2 64 32 64 64 16 8 2 8 2 8 64 8 8 64 8 64 4 64
4 4 4 4 64 64 8 64 8 32 8 8 8 64 4 4 2 64 4 16 4 2 64 32 64 2 4 16 8 64 4 4 32 64 32 16 4 32 32 64 2 2 2 32 32 16 16 32 8 2 4 64
2 2 64 4 4 64 64 64 2 8 64 2 4 2 64 32 8 4 8 8 2 16 64 8 16 16 4 32 2 16 2 4 32 4 64 8 8 4 16 64 2 32 32 8 16 64 2 16 16 16 8 2
64 8 8 4 64 16 2 16 32 8 8 64 2 2 2 8 8 32 4 2 64 4 16 64 64 32 32 64 64 2 8 16 4 32 8 64 64 16 32 2 32 32 4 2 8 16 2 16 2 32 64 64
64 4 4 2 8 2 32 4 4 64 32 64 4 8 8 32 4 64 2 64 32 32 16 32 2 16 32 4 2 16 2 16 16 16 2 4 64 64 64 8 2 4 4 64 2 2 2 2 16 8 8 64
32 32 16 4 32 8 8 16 4 16 16 16 4 2 2 4 2 8 8 64 64 32 16 16 32 8 16 32 32 32 2 32 4 8 8 2 16 16 64 16 8 64 64 2 32 16 8 64 8 2 8 16
4 16 32 8 64 8 2 64 16 4 64 8 2 32 16 32 8 16 16 8 2 4 64 2 64 32 4 16 2 2 4 4 16 64 4 8 64 4 2 64 2 16 32 16 32 32 4 4 2 32 32 4
2 16 8 16 64 8 8 2 8 4 64 16 4 16 32 8 16 4 2 4 8 32 8 4 64 4 64 64 8 8 2 32 64 64 32 32 16 32 16 16 32 16 4 64 4 8 16 8 32 32 2 2
16 2 32 2 2 16 32 64 16 64 32 2 32 8 16 64 8 4 32 8 2 32 2 32 64 2 2 8 32 8 4 64 2 32 8 4 16 4 64 2 8 4 64 32 16 64 32 32 2 16 64 32
64 64 16 4 32 2 2 4 2 16 8 8 64 8 4 16 4 16 2 2 2 64 32 4 64 2 64 64 4 64 4 2 32 64 2 16 4 32 64 4 8 8 2 4 64 16 8 2 8 32 32 8
16 4 4 16 32 2 16 4 16 64 2 4 2 16 16 4 64 16 32 4 64 8 64 8 2 16 4 8 4 2 32 32 64 64 8 8 16 16 32 2 64 64 2 8 16 4 2 64 64 16 64 32
64 64 16 4 4 16 32 32 4 16 16 32 8 4 16 64 32 4 8 4 16 4 64 4 64 32 8 2 16 2 64 4 16 8 8 2 32 2 32 8 2 32 64 64 2 8 32 64 2 4 8 8
32 64 2 16 4 2 32 64 32 64 2 64 8 64 32 32 2 32 2 8 8 8 16 4 64 2 32 32 2 8 16 64 2 16 64 2 4 8 64 8 2 64 64 16 2 16 16 64 4 2 16 2
8 64 16 32 8 8 8 2 64 4 32 8 32 4 32 16 4 4 2 32 64 16 8 4 8 4 16 4 8 32 32 16 32 4 64 64 16 64 16 8 2 2 16 64 2 4 32 32 8 64 4 64
4 32 64 8 8 8 16 32 32 64 2 8 64 64 2 32 32 2 32 4 32 2 2 8 64 4 2 64 64 64 8 8 16 2 8 32 32 2 8 4 2 8 2 64 2 64 32 8 16 8 2 2
16 16 2 4 32 8 64 4 4 64 2 16 8 32 4 4 2 64 32 8 2 32 4 16 16 4 4 4 8 32 64 64 4 64 4 8 16 8 32 2 16 16 64 64 2 8 64 2 32 16 8 32
4 64 32 2 4 8 2 32 2 4 64 4 8 4 2 2 2 2 2 32 16 2 4 2 2 64 32 4 64 64 16 32 2 4 8 64 64 4 4 64 2 16 64 64 2 16 32 32 8 4 64 16
16 8 16 64 4 8 64 64 64 4 2 64 4 8 2 32 8 2 2 8 64 16 4 8 4 16 64 8 8 2 2 2 2 2 32 64 32 8 8 8 64 8 16 4 16 8 2 4 16 8 32 64
64 2 16 8 8 32 8 64 64 16 8 32 8 32 16 2 4 4 4 8 8 4 64 4 32 4 16 64 4 32 64 8 4 2 4 4 4 8 64 2 16 2 32 32 16 4 4 4 8 32 8 8
8 32 2 4 8 2 64 2 64 8 4 2 4 2 4 8 4 16 16 32 32 8 32 64 64 8 8 8 4 64 4 16 32 32 64 4 2 8 32 2 32 2 2 8 8 32 64 64 64 16 8 32
16 64 4 2 64 16 4 2 8 2 2 8 4 2 32 32 16 4 64 8 64 16 2 2 32 2 2 4 2 16 32 8 8 16 64 4 16 8 2 64 32 64 16 16 32 4 32 4 16 64 2 4
8 32 8 8 4 16 64 32 64 64 32 16 64 8 2 32 64 2 16 64 4 4 4 8 32 2 32 32 2 4 2 32 32 64 2 32 32 64 4 32 8 16 16 64 2 32 8 32 2 16 16 32
16 8 64 32 2 4 32 64 32 8 8 32 64 32 4 32 2 2 4 4 4 4 2 2 8 4 16 64 2 16 16 32 4 2 32 32 4 2 32 64 64 64 16 64 8 16 32 2 64 2 64 64
2 4 16 2 2 4 4 8 8 8 8 8 32 64 8 2 32 8 4 4 64 64 64 64 64 8 4 2 8 16 16 2 8 4 4 32 4 64 16 32 4 4 32 16 8 16 32 16 2 2 32 2
2 16 4 16 64 2 4 16 64 32 16 8 32 8 4 8 64 32 16 64 64 16 64 16 32 64 2 16 32 4 32 4 4 32 32 8 32 32 2 32 4 16 32 64 4 8 2 16 32 64 64 2
16 8 8 32 2 64 4 4 16 64 32 16 2 64 16 4 16 32 4 8 4 4 64 4 32 4 64 32 4 8 2 32 4 8 32 2 8 32 2 4 8 8 8 8 64 8 2 32 64 4 32 2
32 4 64 32 2 4 16 64 8 8 64 4 4 16 32 8 4 2 4 2 64 4 8 4 16 16 4 2 64 8 32 32 4 2 8 4 16 32 2 2 2 4 4 64 32 64 8 16 16 4 32 16
2 8 16 32 8 8 2 64 64 4 16 2 64 8 4 32 4 32 2 32 2 4 2 4 16 8 8 16 2 4 4 64 16 32 8 4 4 32 16 2 4 4 32 32 16 64 8 2 32 64 16 64
8 64 8 2 4 64 2 32 32 2 16 32 2 64 32 4 8 2 16 4 8 16 2 16 4 2 16 32 64 16 64 4 8 32 4 4 2 4 16 2 32 8 64 16 64 16 16 2 16 8 32 64
4 2 32 4 8 64 2 8 16 4 64 8 2 16 8 32 4 32 2 4 4 8 16 8 4 2 32 64 64 4 16 2 4 4 16 64 64 64 2 32 8 16 4 8 8 4 2 32 32 64 64 16
64 16 8 64 64 4 32 16 8 4 16 2 2 32 2 2 4 4 64 64 16 2 4 2 64 8 32 8 4 32 64 2 2 16 64 64 16 16 2 16 8 64 64 32 8 64 2 16 4 32 16 32
8 32 2 32 4 2 32 16 4 8 8 8 32 8 8 8 32 64 64 2 4 16 2 4 4 4 16 32 64 8 4 2 32 64 16 32 16 2 32 64 4 64 32 16 64 64 32 4 64 8 2 64
32 8 4 8 2 4 4 4 4 8 32 32 32 2 2 4 16 2 64 64 2 64 2 8 16 32 16 64 64 16 8 64 64 16 8 8 2 64 4 4 8 8 16 16 64 4 32 32 8 32 64 32
64 16 8 8 2 64 8 32 8 16 32 16 2 2 16 4 2 8 32 2 4 4 64 4 2 2 32 2 4 4 64 4 8 64 16 32 32 8 4 16 64 4 4 8 4 64 8 16 64 8 2 64
DUDDRLULUURRDDRDUDLRLLURLDLDLRLUUDLUDRULLRRDUDRDULLDLLRDUULDDULDUDLUURLRUDURRLLRULLRLLDLRURRU
