100 100
-536 -242 49
-742 -605 91
-911 -826 18
-494 661 65
-572 -180 83
-938 -60 63
-72 -201 64
173 -607 52
-817 -7 30
554 -960 90
-454 65 53
-29 847 49
486 -768 85
-471 -802 9
-209 270 49
-780 353 8
-307 -520 89
-824 19 84
58 846 27
190 655 19
242 -869 70
937 -924 63
437 -603 19
937 761 75
-66 492 75
804 -89 37
141 -270 55
-724 -676 98
231 -801 69
413 -358 90
-269 945 83
727 13 65
277 -596 40
-693 -272 68
-418 44 85
-854 655 65
869 436 70
-550 -296 32
859 -976 38
-298 -550 35
-932 -133 33
-229 -389 91
825 -147 23
346 -189 15
-660 909 85
745 996 4
-587 992 99
-671 -386 15
-973 631 98
-221 -300 22
165 -108 30
-716 -161 73
-87 -167 54
-836 205 9
-409 468 13
-931 -826 85
-782 565 67
79 -263 20
654 917 65
-1 450 20
237 -872 25
-966 869 18
-303 -209 85
174 -753 96
-387 -281 42
976 -251 1
322 711 64
-570 -876 80
-933 808 98
655 672 75
-648 -636 44
986 -118 57
-753 -830 26
239 -542 64
661 -31 20
-220 -751 14
189 476 58
326 -742 93
-100 53 93
-815 465 61
154 -194 47
-68 -539 7
-596 -900 58
-772 -779 28
485 -991 91
230 252 3
341 -255 56
81 -809 96
547 229 65
677 444 73
-590 27 30
-337 76 50
523 64 83
-599 -987 38
255 -393 11
522 -343 52
-542 295 38
-837 120 54
1000 524 48
652 928 95
57 -382 81
702 960 46
604 833 38
334 732 14
-600 -7 48
-225 963 75
734 881 40
-580 -406 51
255 -215 88
72 917 89
491 -272 87
238 198 47
378 -125 26
3 684 68
38 716 11
-450 -666 9
20 501 35
-141 597 15
279 698 36
-403 -439 65
-450 -433 81
-157 -500 47
-497 977 32
618 33 96
-63 -489 30
665 660 77
75 699 26
-247 17 100
-784 624 15
-206 -828 84
-651 597 73
-125 885 6
610 863 18
-955 249 25
402 -459 12
-805 -53 59
779 370 37
895 159 12
-742 243 46
771 336 9
-345 619 5
711 883 11
759 -719 84
647 -250 10
668 -528 93
-925 228 41
-545 -393 96
-268 980 42
-865 65 15
876 477 79
-288 -111 21
-679 -478 50
-696 -117 94
601 -867 13
94 -545 11
-400 894 23
-310 534 26
-777 936 7
-883 138 95
-637 689 22
145 309 42
-396 806 32
507 24 62
-773 152 92
917 -831 18
907 535 17
-539 -331 28
-165 -644 22
-724 560 57
-876 423 58
199 367 79
-412 -151 56
184 406 95
889 -239 89
155 454 63
778 -250 95
728 596 68
-617 -368 35
392 936 61
706 -739 36
23 301 65
92 615 66
-408 652 28
164 78 51
570 -724 63
325 -26 16
-404 -193 5
-929 779 48
37 934 38
-290 -232 90
-944 272 19
700 409 2
-837 695 24
-81 187 17
572 975 55
155 290 75
976 796 14
-237 28 6
231 465 84
-245 -267 14
