100 100
-52 255 48
-453 -717 24
774 385 1
-308 29 60
839 238 11
-316 135 79
433 -917 94
-224 -654 91
937 -75 93
-135 -679 22
-513 -895 15
-729 36 76
-871 585 89
-215 617 96
817 -792 38
-581 380 29
486 624 54
821 -821 99
-454 866 27
-188 -425 44
657 -912 26
451 815 1
800 -158 8
834 -225 63
-716 -952 31
-131 507 15
974 222 1
-752 565 75
-596 833 26
-324 -984 11
-728 105 3
25 -827 74
17 100 26
-140 -860 51
-607 308 98
-809 435 75
-703 -647 78
473 962 6
-890 -448 72
399 241 20
526 -451 95
178 -930 16
779 444 52
947 855 31
-669 251 65
-912 507 47
731 380 67
208 157 100
408 -823 45
-775 769 75
-252 -76 27
-177 -593 74
527 -963 49
637 244 43
-999 -113 15
-563 -546 57
-448 -335 12
-371 289 37
-789 59 8
-948 -219 100
147 653 55
18 -292 91
592 -492 73
510 -865 55
326 -528 13
974 557 52
44 -237 72
-244 -716 86
-406 -650 89
727 793 34
-940 -897 23
-462 938 22
-754 242 19
-976 -901 8
-78 -573 50
-398 252 2
979 635 46
-417 -712 62
150 -432 18
969 -823 96
138 -394 90
-759 -866 54
-76 -709 91
150 565 50
204 816 22
358 465 36
580 223 78
12 -286 13
890 -901 36
83 -738 23
635 289 11
-668 597 29
759 -974 26
-640 -30 59
211 145 70
-205 -830 23
123 -13 76
938 -463 69
-864 927 84
-942 189 75
114 -368 68
79 100 83
862 630 9
796 316 74
110 956 39
-869 484 29
475 -719 14
-796 432 63
-72 -877 63
820 304 94
-892 390 78
-941 -236 32
799 -61 30
-240 685 94
173 279 64
793 -503 5
274 222 11
255 -904 87
-161 -168 76
-859 -835 25
-931 245 97
-629 -828 9
-939 -274 80
-37 120 69
-28 -947 91
588 -846 43
-827 603 42
-983 -51 58
208 -696 50
-21 705 18
-783 828 45
374 -527 58
597 -735 25
983 -548 14
-774 -893 16
-848 921 83
999 -831 48
-788 517 4
-43 283 67
-590 -244 82
-834 -517 1
-475 563 67
398 -596 2
-101 -482 79
-955 967 14
63 638 54
-882 840 33
-27 744 41
239 791 29
308 -880 88
-437 -730 39
-921 638 24
997 -277 52
906 -986 39
981 759 13
-940 -350 57
-494 -147 78
-342 7 73
-290 803 52
-120 -573 11
-434 -384 60
-45 250 73
-67 -100 50
-619 -326 52
-880 -335 12
-651 -350 70
-945 -614 28
457 -254 85
836 -719 81
-825 -309 58
970 242 77
559 926 86
502 -212 28
427 109 99
-314 -845 3
371 131 54
-37 -535 94
-338 564 66
28 -798 60
468 -994 37
879 92 27
-854 -542 2
886 -356 6
-813 -695 43
-666 420 13
43 687 52
329 719 51
-203 819 76
36 778 18
41 413 46
-265 939 35
-587 -344 50
161 -627 79
591 778 23
168 -649 2
-374 401 3
-430 -20 67
773 545 87
-126 860 97
-809 -442 37
