100 100
-725 165 98
-871 -478 16
14 558 58
-33 334 49
615 -571 13
-1 -942 50
-114 244 98
571 -996 90
-88 -455 93
642 -532 76
935 -791 41
-938 -955 4
330 108 2
923 804 49
405 -557 55
486 -941 68
-546 564 57
923 15 71
-523 -293 30
386 -552 98
-59 950 38
897 -956 54
715 876 72
888 315 13
-620 288 93
761 -393 16
521 -319 93
993 456 65
917 980 55
39 699 86
-612 -379 37
203 993 64
733 926 65
-195 206 5
-17 -503 96
633 -173 54
361 -646 47
123 807 90
588 381 95
-233 -823 57
359 41 14
594 -665 67
720 -195 48
2 500 4
-39 -911 40
440 737 79
214 184 51
325 -652 22
28 -536 2
578 -592 70
884 761 71
-525 -172 66
-296 950 74
-277 -60 35
350 122 78
960 493 1
-215 604 95
49 657 17
62 592 72
-580 -128 8
-15 781 47
167 135 26
927 33 53
-7 665 46
-152 -292 1
102 106 80
610 254 43
-62 228 4
647 -530 82
-638 127 75
-630 763 12
635 128 33
-934 723 87
-856 -830 3
-73 -971 97
547 -425 32
-450 -776 80
-622 -295 38
-858 -658 21
-478 80 22
344 -442 83
457 -397 59
438 -341 64
-30 -767 4
-362 -209 44
-138 630 25
-471 -778 33
842 495 66
1000 -572 78
-116 673 3
-539 -964 51
-701 -928 93
965 -672 58
443 36 87
-127 115 29
1000 998 81
633 423 67
-77 -543 68
328 -938 51
382 179 42
-127 -880 95
-389 -743 28
793 -903 40
-856 758 10
-365 878 39
523 -676 54
156 -484 17
-983 148 5
209 678 28
970 844 73
-57 -649 100
441 275 66
-924 -226 26
-290 -798 27
174 380 56
211 -603 64
-787 920 86
-202 -394 65
23 -965 42
253 785 52
842 -424 3
-679 -589 42
661 153 18
-306 -121 28
-455 381 13
715 -224 71
-296 872 88
94 -8 99
90 -520 9
485 -918 11
-728 -653 22
865 102 28
-452 554 43
229 36 33
-247 -307 44
-767 -404 31
776 933 78
596 954 92
817 1 18
187 128 99
-787 -344 6
-168 -851 49
773 614 19
696 -744 44
-766 259 76
601 896 49
-844 168 71
-542 159 11
950 -454 47
824 -395 73
94 894 15
-63 836 36
-780 611 6
695 -395 2
256 373 2
-813 -154 15
691 812 6
-616 -510 76
-138 -669 15
-77 -658 88
-506 -675 96
730 -790 56
865 975 49
651 987 70
862 675 38
126 -482 92
-24 -356 13
-575 335 41
-919 -945 2
611 895 38
487 221 41
-79 -199 41
-184 -872 9
870 -351 77
986 -67 15
-488 -560 80
593 825 70
776 409 61
355 -272 34
-625 109 27
-371 -593 32
-262 -834 36
-817 542 58
-815 335 74
317 -306 30
-201 979 40
-916 -330 24
-352 623 75
829 886 39
-497 -316 13
114 252 75
653 220 12
-499 -550 3
655 -501 52
-852 -452 71
776 -855 94
-847 -956 82
-980 -405 97
622 -265 64
-40 766 20
