100 100
-337 941 20
-192 333 7
-852 681 69
-808 -252 75
-882 863 65
-561 -924 12
-112 -144 9
-508 -815 71
-131 -879 73
-747 940 29
291 284 75
940 -874 74
199 -188 7
999 -548 6
140 758 18
-407 -142 19
107 -759 74
-369 147 88
-630 -789 75
169 308 25
-238 -801 71
458 -872 73
-878 267 27
16 393 69
-125 591 41
-47 199 59
-260 -387 32
626 -632 90
597 -501 11
176 -386 68
13 792 44
493 -81 37
247 -851 16
48 -144 22
550 -300 20
911 1 54
-920 970 86
-842 565 72
173 616 41
-304 423 45
217 17 75
632 -66 9
720 -809 35
-30 427 86
-867 -876 94
436 -366 83
183 395 58
-418 467 50
816 369 45
-954 926 60
-273 -656 79
-761 11 8
-554 573 37
-736 512 32
-186 -200 64
-835 -660 58
-178 125 36
809 -720 56
769 126 36
446 -150 46
398 810 49
961 -528 20
-831 -640 20
-525 348 30
-976 -7 76
-627 -462 37
-992 -702 54
94 -244 79
159 -348 17
414 759 66
946 264 84
384 515 7
-65 842 100
949 791 88
634 145 51
-185 -183 51
-788 -14 82
-180 -873 25
-863 -573 57
-668 -775 44
230 -893 14
-1000 160 20
98 -793 47
256 -948 10
790 -575 79
-230 -696 82
-484 956 45
233 -255 61
-749 -764 63
-46 -17 62
-362 -825 19
-791 535 44
516 -458 62
697 417 21
57 -953 27
947 949 68
-260 -700 89
112 872 4
552 81 39
316 768 12
-466 61 47
860 -658 46
580 -544 69
109 595 65
-325 303 29
255 661 98
746 -601 31
675 -180 95
645 -536 26
60 9 46
497 -941 4
618 -428 61
-470 -604 89
239 958 45
-85 655 93
-285 955 47
-836 -549 14
-536 -38 26
-309 -582 62
278 843 79
721 -997 62
862 337 45
637 317 11
709 352 16
863 -205 92
536 -592 62
820 -635 56
616 302 43
-823 640 93
-190 -52 52
522 939 11
484 -675 22
-740 -944 20
209 853 60
651 343 19
252 692 77
-29 346 45
-681 123 71
-732 -957 2
637 988 93
330 -790 68
534 912 18
-112 785 25
691 789 28
-943 -485 28
-401 26 31
564 201 42
-469 114 54
708 -732 8
863 515 46
838 -62 85
194 669 67
-139 693 65
-733 89 20
72 45 3
787 -99 100
-625 246 1
589 636 20
-648 -711 61
267 485 16
139 -874 42
397 61 68
137 -12 100
-783 808 72
-884 -492 25
-433 -914 99
-800 39 58
150 -943 98
830 868 9
-93 -334 79
993 35 78
48 -592 89
-433 -74 66
92 653 62
39 928 32
431 71 34
889 145 26
720 -84 18
-147 -751 51
-95 -353 10
374 -508 55
-851 -565 86
-380 605 16
837 591 20
924 466 83
352 -251 19
-482 808 18
981 -43 29
529 950 13
-185 812 63
-667 367 29
-670 446 56
55 -173 44
-138 -600 46
-348 -812 93
-251 -961 44
134 -61 57
440 -963 50
-322 59 80
-395 49 9
