100 100
-513 213 70
-733 -243 78
-30 281 75
-866 240 2
861 715 61
-469 128 30
-608 468 61
107 713 71
-25 -187 82
763 -692 30
300 -690 67
-202 518 2
375 591 9
-674 552 76
-913 -384 100
-937 686 35
-32 218 93
884 799 50
462 614 55
-192 491 74
-90 974 18
799 -252 13
-927 -722 64
-556 -472 87
-107 595 81
751 -384 54
38 706 50
175 -282 69
198 -166 75
-525 851 44
396 875 4
753 -428 78
374 424 21
430 762 42
975 109 74
165 -787 92
342 -568 82
703 174 35
-417 -746 9
-13 748 82
-10 -819 45
639 -864 53
837 -692 3
-399 -126 99
-150 787 16
-910 239 79
559 -908 49
471 200 43
128 804 36
35 -517 5
-366 -986 10
-779 228 69
-936 943 26
989 -165 38
250 -461 20
412 -914 44
-358 -263 18
836 764 49
-229 -58 67
-210 318 77
394 145 14
270 992 65
-445 -117 82
475 465 31
917 -384 56
-472 67 39
123 -306 2
614 -150 75
-356 -959 49
261 206 81
-728 -877 82
284 -320 60
-278 391 46
246 447 36
511 2 3
207 -876 87
-957 972 48
-486 286 59
-389 213 77
-345 -637 47
-621 -360 98
-244 728 77
-460 -385 49
-786 581 4
989 165 88
505 -731 40
24 -545 84
646 -449 31
-329 -617 87
-109 330 90
-802 -792 77
-341 943 43
382 707 29
-103 658 22
-837 -311 95
331 -554 73
-77 -446 29
611 -753 5
84 961 25
-355 652 74
-430 -304 83
-825 651 80
-293 207 17
-138 -403 67
625 740 35
-49 -291 82
-147 -406 54
163 -162 5
885 -154 20
-592 -991 62
931 705 80
44 -111 72
945 899 92
-546 -934 96
-65 713 97
357 531 67
972 -409 70
-302 822 30
764 -861 76
988 -413 16
659 -500 6
-929 850 89
49 892 26
836 809 56
181 -899 2
-15 526 16
-649 30 39
-511 357 3
75 99 53
-891 923 79
-768 -301 17
-483 990 70
-23 662 8
-280 -548 26
-750 94 16
-650 -510 36
887 821 17
686 885 1
-2 287 74
766 -181 7
549 -445 32
-450 265 68
64 -134 7
-32 -339 100
678 -997 8
587 -741 6
-745 -898 9
-12 996 5
749 459 12
55 28 63
-354 -679 41
-854 -281 50
324 -203 76
-378 -262 34
-609 -327 55
-747 -739 72
-993 466 93
-222 628 11
160 -635 6
-236 -57 78
331 602 70
-222 303 6
275 815 56
-892 -238 81
16 556 90
-355 -139 89
-144 -57 3
-499 -553 69
-447 423 76
-854 644 55
-541 -128 17
801 -943 42
-234 984 72
619 782 34
-752 -50 89
-748 923 94
356 740 68
622 -230 86
-778 502 41
154 89 14
662 203 92
-990 -31 19
-517 585 50
-910 79 12
155 -797 85
803 -231 23
678 -952 44
723 745 16
-948 728 15
379 -14 90
950 -418 75
-387 635 12
-926 571 73
47 83 92
-512 -782 71
533 -796 71
-875 126 42
780 155 24
695 -842 31
-632 322 32
