100 100
957 767 8
-813 -827 47
711 -654 95
656 371 40
-485 240 28
242 -927 75
395 -676 56
307 -195 93
761 42 48
114 916 57
28 -451 5
783 -944 47
-48 908 41
859 -222 55
826 810 68
-664 147 23
-517 -528 4
-639 -335 23
-721 44 66
-264 52 87
146 -628 58
631 -151 95
75 856 98
-255 617 76
-276 -259 58
-670 955 97
-182 464 95
-56 341 68
-489 3 36
894 20 65
55 702 46
355 808 59
842 849 60
-282 162 93
884 141 93
-65 -4 85
-546 926 42
668 432 22
795 859 79
-451 583 62
-367 -379 91
702 32 72
60 39 84
261 204 53
-362 496 27
1 48 47
913 401 80
806 -846 44
486 -983 25
525 -783 8
176 337 7
-441 211 30
397 793 14
544 69 18
748 -456 32
689 -569 8
-134 839 92
555 -935 8
-258 -263 23
-490 377 4
-831 -765 9
-949 -917 94
881 -957 48
-477 -739 21
504 -624 67
416 -997 50
207 -912 32
-690 988 5
-992 -296 79
285 520 96
-769 -415 44
0 -937 40
-82 129 99
239 515 6
847 -460 97
-178 766 80
444 -686 61
963 -539 12
353 407 41
717 -792 4
-83 614 17
61 197 100
-196 -3 66
-329 -706 44
-470 -464 78
987 -141 84
-964 432 72
964 -713 86
-884 -482 5
-731 -670 22
-804 -72 82
-526 40 91
913 -936 32
-524 462 57
-850 -487 11
210 -533 80
621 638 80
453 -264 33
401 -134 36
77 537 1
-213 -163 21
-773 48 93
-821 -507 14
-796 -960 24
537 -526 14
-555 -950 67
371 -49 59
-366 96 83
-222 -565 88
856 557 27
492 650 56
-129 47 3
190 211 7
805 -144 68
190 -629 13
358 643 62
-251 -961 67
967 887 16
250 -250 38
413 909 48
-369 -961 88
-156 -793 14
-374 -594 100
377 690 3
663 -76 8
-159 305 63
-52 -574 76
256 -849 1
-418 -951 48
-374 915 93
-844 -552 97
4 -607 15
170 -236 51
466 -52 18
543 -294 51
817 -751 33
-751 -749 11
262 740 43
312 -200 28
418 -785 4
266 349 61
591 -912 93
445 19 38
-268 965 59
-711 635 48
-450 -9 68
773 -22 93
955 490 54
908 7 88
-393 -192 30
-680 1 77
-469 123 55
424 390 90
881 -828 75
490 674 74
-804 -855 46
-640 116 19
651 -147 9
635 -824 88
658 327 5
-737 994 38
-201 -526 91
373 812 88
-326 -102 23
73 -413 15
-681 107 97
-133 -804 43
57 -491 92
53 -474 22
832 -678 60
940 440 31
-173 790 46
603 565 74
492 -704 60
-97 472 4
658 218 50
805 508 24
-196 44 7
-12 -439 52
-481 455 94
918 -156 91
326 -33 47
970 121 43
460 527 85
-834 559 93
-540 91 80
-616 -176 86
-217 804 82
873 -977 41
-49 72 92
856 808 60
331 -637 13
-965 -175 28
493 165 78
-210 854 28
811 991 13
-202 670 72
570 641 26
-439 524 76
188 -608 63
