100 100
275 -477 95
-266 628 89
930 723 95
335 888 68
-941 721 60
589 931 32
329 -894 21
-769 -239 61
778 -496 49
113 -792 74
-490 -974 94
-557 -165 36
-628 876 99
-203 -674 98
632 -853 18
265 264 57
-741 -730 1
991 784 1
-572 584 28
966 -661 22
-408 -358 26
104 794 87
281 -581 24
927 983 89
-597 979 50
-389 -956 47
-151 -661 19
-460 -867 43
-383 674 78
200 -994 77
388 449 44
-865 -366 46
676 -374 62
426 -354 24
-15 -33 91
-640 -884 33
997 923 3
944 535 46
730 -173 3
124 613 54
-251 -230 75
722 -982 58
-905 449 24
277 956 26
-757 547 32
903 678 60
-295 49 46
828 74 33
588 -53 14
207 532 100
632 -248 38
-925 -114 12
-574 -303 66
250 -258 19
-304 -436 90
116 -812 40
404 -352 40
-637 635 11
283 -696 93
411 -367 62
-670 474 7
-835 230 69
891 -169 5
-514 516 77
-296 692 33
-67 333 54
-702 -886 82
-933 641 64
-316 717 27
-733 498 73
945 -729 81
836 613 53
-782 -655 56
-237 -695 8
730 -139 38
-711 -72 80
745 -654 67
-72 966 63
410 494 41
-19 -439 38
-38 -174 19
-770 -228 69
965 -633 81
919 22 44
-632 -818 63
-443 55 71
776 29 47
-871 609 100
-272 422 76
359 -930 98
-374 -256 72
442 368 36
710 -6 34
576 414 92
-399 959 44
330 -635 75
744 -977 61
120 584 33
-333 375 36
-52 -409 65
633 -270 45
-440 319 45
511 920 53
-284 888 23
781 775 89
-79 999 47
958 -316 67
-710 84 22
-594 713 47
919 748 62
-421 416 11
473 373 94
-147 -649 79
598 917 75
57 363 54
-381 277 71
586 775 82
-446 475 4
-600 -673 76
-97 278 84
-630 -552 98
404 -631 81
471 -915 61
-537 -661 7
826 -727 15
-351 982 24
-12 -604 71
-927 -150 60
-281 -222 85
252 -853 76
-582 -513 92
849 -235 1
-283 -170 36
752 -161 15
410 702 71
-235 975 5
126 256 39
-806 -396 70
49 -305 75
-400 962 46
676 -736 54
-162 665 73
315 102 48
-43 -709 21
220 -217 73
-24 960 26
982 -728 78
-814 -281 85
-999 -218 14
-333 158 79
104 -712 42
289 795 73
-231 -121 56
1000 -537 64
-404 -18 91
-223 -214 21
220 216 34
517 -384 64
-486 -150 3
-347 935 40
7 903 37
-707 -24 4
-751 351 80
967 -92 32
-400 -919 18
693 -197 2
-17 90 72
-440 -502 61
601 -925 32
3 -452 20
477 -415 38
8 245 61
61 320 78
803 522 16
-967 557 17
-385 -422 69
450 -312 79
-393 497 68
-946 -50 45
-261 396 96
664 209 17
-926 -995 33
133 -67 88
877 -780 88
117 -609 2
-121 594 55
218 178 89
450 952 81
328 -14 50
-26 -198 88
744 473 26
840 -393 60
699 552 9
-379 712 1
422 595 56
192 -414 83
598 -33 40
-708 -662 62
423 124 64
992 -323 69
