95 63
-517 -379 14
477 -189 62
-683 -816 9
-960 -178 71
879 -408 98
-880 -546 67
99 -263 36
596 -647 14
-464 -561 4
697 312 34
639 -444 25
-663 -366 38
284 776 94
967 750 48
-823 730 78
-309 375 50
36 -491 23
-494 -31 36
-818 934 71
721 -386 1
861 -403 74
443 806 40
736 567 66
-601 -153 55
226 -410 56
-76 -670 30
-376 -469 6
-834 -906 60
282 -426 67
94 327 61
435 -298 19
379 -600 9
-155 870 26
300 295 57
-435 -624 46
-108 529 76
-344 299 72
-594 852 42
-794 719 8
450 -532 36
567 192 79
765 -514 16
-322 914 23
-405 -60 4
-913 -269 90
-831 834 37
505 382 42
-963 -339 37
-342 978 20
587 335 53
764 931 80
392 675 10
-400 265 25
831 -91 38
-721 -488 49
226 969 21
-322 173 2
-256 -909 59
-653 -253 47
-406 170 13
-101 -576 55
877 -575 15
-879 -873 8
509 -655 77
386 987 20
242 -917 70
4 193 32
-342 -928 16
709 83 38
584 -162 84
-590 -22 26
-505 -102 53
7 -925 29
-138 -92 32
325 821 55
701 -559 64
-616 -936 5
-480 -482 32
76 -574 99
-526 -146 34
-710 -335 7
824 900 41
157 -761 73
-175 971 84
339 783 92
525 -918 64
-207 -810 56
-569 904 74
842 933 22
-311 -394 85
-35 637 83
-355 668 54
81 -560 84
641 404 35
-307 889 51
-848 758 36
969 285 86
-609 -909 51
841 268 17
570 983 35
366 753 8
781 -658 89
300 -49 73
-33 528 52
899 -201 28
634 -994 28
888 -679 2
249 794 33
-763 -190 99
603 -220 29
127 -891 26
-669 375 78
-323 676 72
584 606 61
874 78 57
-946 -839 5
424 217 15
1 148 33
245 585 18
-916 -258 11
572 800 67
853 -979 39
715 -290 10
-826 965 70
-71 -220 27
612 1000 40
-205 -522 98
-4 752 52
-806 -842 15
875 271 47
49 -112 54
756 456 100
-91 -863 81
804 926 26
304 -381 62
-135 -758 72
-658 -239 21
-639 447 20
-332 12 44
-471 109 1
455 -655 1
327 -362 16
116 -774 63
610 465 77
-9 77 10
66 -498 53
735 -400 46
-531 570 24
769 283 1
385 -892 79
858 -359 70
869 861 60
602 866 73
-375 918 65
611 -98 79
264 -95 51
-712 -485 99
222 -259 85
