31 95
624 175 11
-7 561 34
-925 -1000 19
357 201 61
977 555 95
-236 -346 99
-956 -442 63
642 -595 94
786 -153 69
104 396 13
-605 153 71
432 648 94
-457 357 79
404 -820 55
-313 -810 47
638 -161 33
-89 432 13
547 -597 90
300 631 38
-801 948 6
205 848 26
695 342 47
-4 910 25
54 179 83
986 429 65
999 876 4
297 -260 32
232 -120 39
-269 206 16
-817 24 87
75 -593 15
-452 -361 93
-599 -223 62
-544 -718 77
-571 708 90
69 -975 25
593 -654 3
327 -319 72
852 374 80
266 -374 48
-228 80 50
-408 -741 87
0 -890 24
-134 216 96
-186 -804 57
-498 650 12
827 235 86
782 821 58
-85 605 49
630 -844 67
-127 -36 39
445 672 53
926 -825 25
528 393 35
-76 -2 93
605 976 23
-963 -956 69
-748 -486 76
642 -261 25
-476 29 58
-326 899 67
-479 -160 54
253 -6 35
233 -28 85
-20 7 19
477 -227 64
-374 299 60
-338 -250 85
-667 988 80
-230 422 78
-456 -345 83
-185 996 63
493 624 21
918 695 38
146 -988 80
-80 975 8
-627 -939 79
584 166 15
396 471 48
-259 921 64
747 207 8
882 -606 20
940 -449 79
-970 -136 68
6 -845 61
-525 -795 48
-259 970 19
394 281 32
242 -349 19
-923 286 86
-801 462 14
-908 322 62
-53 482 9
288 -937 90
129 -740 79
705 892 11
-671 265 81
866 -457 84
-75 23 89
-959 620 82
-720 675 25
861 913 57
-19 594 57
-85 143 36
-23 459 75
-870 702 38
-256 -415 47
924 -931 11
28 757 36
-427 -439 61
-118 -91 48
-935 461 11
-489 671 78
307 -512 69
526 -934 95
-646 -312 48
-935 -894 95
567 538 27
435 -114 44
812 -842 21
498 384 15
-182 120 18
-50 521 64
309 -847 17
-849 -283 67
-938 -620 68
