91 20
-337 941 20
-192 333 7
-852 681 69
-808 -252 75
-882 863 65
-561 -924 12
-112 -144 9
-508 -815 71
-131 -879 73
-747 940 29
291 284 75
940 -874 74
199 -188 7
999 -548 6
140 758 18
-407 -142 19
107 -759 74
-369 147 88
-630 -789 75
169 308 25
-238 -801 71
458 -872 73
-878 267 27
16 393 69
-125 591 41
-47 199 59
-260 -387 32
626 -632 90
597 -501 11
176 -386 68
13 792 44
493 -81 37
247 -851 16
48 -144 22
550 -300 20
911 1 54
-920 970 86
-842 565 72
173 616 41
-304 423 45
217 17 75
632 -66 9
720 -809 35
-30 427 86
-867 -876 94
436 -366 83
183 395 58
-418 467 50
816 369 45
-954 926 60
-273 -656 79
-761 11 8
-554 573 37
-736 512 32
-186 -200 64
-835 -660 58
-178 125 36
809 -720 56
769 126 36
446 -150 46
398 810 49
961 -528 20
-831 -640 20
-525 348 30
-976 -7 76
-627 -462 37
-992 -702 54
94 -244 79
159 -348 17
414 759 66
946 264 84
384 515 7
-65 842 100
949 791 88
634 145 51
-185 -183 51
-788 -14 82
-180 -873 25
-863 -573 57
-668 -775 44
230 -893 14
-1000 160 20
98 -793 47
256 -948 10
790 -575 79
-230 -696 82
-484 956 45
233 -255 61
-749 -764 63
-46 -17 62
-362 -825 19
-299 516 34
-20 697 89
-670 57 3
-580 947 68
-260 -700 89
112 872 4
552 81 39
316 768 12
425 731 34
61 -249 22
-272 580 29
90 109 100
29 -325 82
-544 255 98
746 -601 31
675 -180 95
645 -536 26
60 9 46
497 -941 4
618 -428 61
