78 9
-52 255 48
-453 -717 24
774 385 1
-308 29 60
839 238 11
-316 135 79
433 -917 94
-224 -654 91
937 -75 93
-135 -679 22
-513 -895 15
-729 36 76
-871 585 89
-215 617 96
817 -792 38
-581 380 29
486 624 54
821 -821 99
-454 866 27
-188 -425 44
657 -912 26
451 815 1
800 -158 8
834 -225 63
-716 -952 31
-131 507 15
974 222 1
-752 565 75
-596 833 26
-324 -984 11
-728 105 3
25 -827 74
17 100 26
-140 -860 51
-607 308 98
-809 435 75
-703 -647 78
473 962 6
-890 -448 72
399 241 20
526 -451 95
178 -930 16
779 444 52
947 855 31
-669 251 65
-912 507 47
731 380 67
208 157 100
408 -823 45
-775 769 75
-252 -76 27
-177 -593 74
527 -963 49
637 244 43
-999 -113 15
-563 -546 57
-448 -335 12
-371 289 37
-789 59 8
-948 -219 100
147 653 55
18 -292 91
592 -492 73
510 -865 55
326 -528 13
974 557 52
44 -237 72
-244 -716 86
-406 -650 89
727 793 34
-940 -897 23
-462 938 22
-754 242 19
-976 -901 8
-78 -573 50
-398 252 2
979 635 46
-417 -712 62
-719 969 12
530 138 38
425 -759 9
-140 -76 19
441 150 98
627 -216 76
816 644 22
358 465 36
580 223 78
