53 21
-513 213 70
-733 -243 78
-30 281 75
-866 240 2
861 715 61
-469 128 30
-608 468 61
107 713 71
-25 -187 82
763 -692 30
300 -690 67
-202 518 2
375 591 9
-674 552 76
-913 -384 100
-937 686 35
-32 218 93
884 799 50
462 614 55
-192 491 74
-90 974 18
799 -252 13
-927 -722 64
-556 -472 87
-107 595 81
751 -384 54
38 706 50
175 -282 69
198 -166 75
-525 851 44
396 875 4
753 -428 78
374 424 21
430 762 42
975 109 74
165 -787 92
342 -568 82
703 174 35
-417 -746 9
-13 748 82
-10 -819 45
639 -864 53
837 -692 3
-399 -126 99
-150 787 16
-910 239 79
559 -908 49
471 200 43
128 804 36
35 -517 5
-366 -986 10
-779 228 69
-936 943 26
-403 250 34
-681 412 6
777 -305 41
-263 963 18
836 764 49
-229 -58 67
-210 318 77
394 145 14
270 992 65
-445 -117 82
475 465 31
917 -384 56
-472 67 39
123 -306 2
614 -150 75
-356 -959 49
261 206 81
-728 -877 82
284 -320 60
-278 391 46
246 447 36
