64 45
170 -934 55
-12 183 2
-578 -53 63
686 -432 84
660 -672 5
66 3 42
-845 -489 96
-261 -909 54
761 -716 78
-273 -219 54
-420 693 87
-463 -65 23
404 -380 85
-258 -728 59
572 761 31
985 -100 79
-232 -910 75
-992 -518 18
-601 927 39
98 -251 99
839 -509 41
365 124 58
-108 -38 9
337 197 42
728 27 21
724 -541 53
-512 -925 5
17 -384 78
347 -853 69
892 751 11
-694 -213 73
936 -234 77
-694 -769 100
583 -803 57
-660 653 25
940 -286 56
987 -152 58
-498 394 36
-707 264 67
-635 771 16
-454 -67 39
-663 352 84
931 681 23
592 -640 62
582 -289 42
-110 -542 1
115 459 6
-321 836 41
-504 -837 34
-83 -171 75
-676 -201 64
379 829 31
507 75 35
65 -12 78
23 -872 22
2 380 60
839 -179 18
-139 108 75
-285 103 50
3 437 22
144 -97 13
983 994 54
697 -928 1
-102 96 9
-811 -689 14
245 -71 63
-715 -61 56
586 26 58
-298 487 34
838 615 90
-62 -134 43
330 64 67
-686 514 31
-339 267 5
407 -600 83
852 205 74
698 287 62
-949 653 15
970 -394 56
743 758 32
470 -408 12
-906 223 71
570 970 14
672 -416 21
372 -23 19
-261 218 52
883 611 25
-284 -627 11
211 -602 55
-575 -804 88
-369 817 60
767 523 97
423 694 67
479 -133 58
360 522 72
-573 -456 77
-254 -763 81
603 284 1
-571 -132 79
-164 791 49
784 663 84
-591 -857 99
-133 632 12
687 -887 45
-479 -263 59
-132 555 25
287 534 37
-45 423 38
37 22 65
