34 25
-536 -242 49
-742 -605 91
-911 -826 18
-494 661 65
-572 -180 83
-938 -60 63
-72 -201 64
173 -607 52
-817 -7 30
554 -960 90
-454 65 53
-29 847 49
486 -768 85
-471 -802 9
-209 270 49
-780 353 8
-307 -520 89
-824 19 84
58 846 27
190 655 19
242 -869 70
937 -924 63
437 -603 19
937 761 75
-66 492 75
804 -89 37
141 -270 55
-724 -676 98
231 -801 69
413 -358 90
-269 945 83
727 13 65
277 -596 40
-693 -272 68
345 -854 65
869 436 70
-550 -296 32
859 -976 38
-298 -550 35
-932 -133 33
-229 -389 91
825 -147 23
346 -189 15
-660 909 85
745 996 4
-587 992 99
-671 -386 15
-973 631 98
-221 -300 22
165 -108 30
-716 -161 73
-87 -167 54
-836 205 9
-409 468 13
-931 -826 85
-782 565 67
79 -263 20
654 917 65
-1 450 20
