14 86
957 767 8
-813 -827 47
711 -654 95
656 371 40
-485 240 28
242 -927 75
395 -676 56
307 -195 93
761 42 48
114 916 57
28 -451 5
783 -944 47
-48 908 41
859 -222 55
76 -664 72
-637 -517 30
-952 -639 42
-645 -721 66
44 -264 66
381 146 24
830 -88 54
504 75 98
-255 617 76
-276 -259 58
-670 955 97
-182 464 95
-56 341 68
-489 3 36
894 20 65
55 702 46
355 808 59
842 849 60
-282 162 93
884 141 93
-65 -4 85
-546 926 42
668 432 22
795 859 79
-451 583 62
-367 -379 91
702 32 72
60 39 84
261 204 53
-362 496 27
1 48 47
913 401 80
806 -846 44
486 -983 25
525 -783 8
176 337 7
-441 211 30
397 793 14
544 69 18
748 -456 32
689 -569 8
-134 839 92
555 -935 8
-258 -263 23
-490 377 4
-831 -765 9
-949 -917 94
881 -957 48
-477 -739 21
504 -624 67
416 -997 50
207 -912 32
-690 988 5
-992 -296 79
285 520 96
-769 -415 44
0 -937 40
-82 129 99
239 515 6
847 -460 97
-178 766 80
444 -686 61
963 -539 12
353 407 41
717 -792 4
-83 614 17
61 197 100
-196 -3 66
-329 -706 44
-470 -464 78
987 -141 84
-964 432 72
964 -713 86
-884 -482 5
-731 -670 22
-804 -72 82
-526 40 91
913 -936 32
-524 462 57
-850 -487 11
210 -533 80
621 638 80
453 -264 33
401 -134 36
77 537 1
-691 -928 50
