44 18
275 -477 95
-266 628 89
930 723 95
335 888 68
-941 721 60
589 931 32
329 -894 21
-769 -239 61
778 -496 49
113 -792 74
-490 -974 94
-557 -165 36
-628 876 99
-203 -674 98
632 -853 18
265 264 57
-741 -730 1
991 784 1
-572 584 28
966 -661 22
-408 -358 26
104 794 87
281 -581 24
927 983 89
-597 979 50
-389 -956 47
-151 -661 19
-460 -867 43
-383 674 78
200 -994 77
388 449 44
-865 -366 46
676 -374 62
426 -354 24
-15 -33 91
-640 -884 33
997 923 3
944 535 46
730 -173 3
124 613 54
-251 -230 75
722 -982 58
-905 449 24
277 956 26
-497 903 60
-295 49 46
828 74 33
588 -53 14
207 532 100
632 -248 38
-925 -114 12
-574 -303 66
250 -258 19
-304 -436 90
116 -812 40
404 -352 40
-637 635 11
283 -696 93
411 -367 62
-670 474 7
-835 230 69
891 -169 5
