46 49
-725 165 98
-871 -478 16
14 558 58
-33 334 49
615 -571 13
-1 -942 50
-114 244 98
571 -996 90
-88 -455 93
642 -532 76
935 -791 41
-938 -955 4
330 108 2
923 804 49
405 -557 55
486 -941 68
-546 564 57
923 15 71
-523 -293 30
386 -552 98
-59 950 38
897 -956 54
715 876 72
888 315 13
-620 288 93
761 -393 16
521 -319 93
993 456 65
917 980 55
39 699 86
-612 -379 37
203 993 64
733 926 65
-195 206 5
-17 -503 96
633 -173 54
361 -646 47
123 807 90
588 381 95
-233 -823 57
359 41 14
594 -665 67
720 -195 48
2 500 4
-39 -911 40
440 737 79
-194 325 22
-655 28 30
-975 578 26
105 884 71
-525 -172 66
-296 950 74
-277 -60 35
350 122 78
960 493 1
-215 604 95
49 657 17
62 592 72
-580 -128 8
-15 781 47
167 135 26
927 33 53
-7 665 46
-152 -292 1
102 106 80
610 254 43
-62 228 4
647 -530 82
-638 127 75
-630 763 12
635 128 33
-934 723 87
-856 -830 3
-73 -971 97
547 -425 32
-450 -776 80
-622 -295 38
-858 -658 21
-478 80 22
344 -442 83
457 -397 59
438 -341 64
-30 -767 4
-362 -209 44
-138 630 25
-471 -778 33
842 495 66
1000 -572 78
-116 673 3
-539 -964 51
-701 -928 93
965 -672 58
443 36 87
-127 115 29
1000 998 81
