8 42
170 -934 55
-12 183 2
-578 -53 63
686 -432 84
660 -672 5
66 3 42
-845 -489 96
-261 -909 54
235 -273 49
-138 -420 87
-463 -65 23
404 -380 85
-258 -728 59
572 761 31
985 -100 79
-232 -910 75
-992 -518 18
-601 927 39
98 -251 99
839 -509 41
365 124 58
-108 -38 9
337 197 42
728 27 21
724 -541 53
-512 -925 5
17 -384 78
347 -853 69
892 751 11
-694 -213 73
936 -234 77
-694 -769 100
583 -803 57
-660 653 25
940 -286 56
987 -152 58
-498 394 36
-707 264 67
-635 771 16
-454 -67 39
-663 352 84
931 681 23
592 -640 62
582 -289 42
-110 -542 1
115 459 6
-321 836 41
-504 -837 34
-83 -171 75
-676 -201 64
