30 61
-536 -242 49
-742 -605 91
-911 -826 18
-494 661 65
-572 -180 83
-938 -60 63
-72 -201 64
173 -607 52
-817 -7 30
554 -960 90
-454 65 53
-29 847 49
486 -768 85
-471 -802 9
-209 270 49
-780 353 8
-307 -520 89
-824 19 84
58 846 27
190 655 19
242 -869 70
937 -924 63
437 -603 19
937 761 75
-66 492 75
804 -89 37
141 -270 55
-724 -676 98
231 -801 69
413 -358 90
318 727 64
31 277 26
-368 -693 46
82 -418 66
345 -854 65
869 436 70
-550 -296 32
859 -976 38
-298 -550 35
-932 -133 33
-229 -389 91
825 -147 23
346 -189 15
-660 909 85
745 996 4
-587 992 99
-671 -386 15
-973 631 98
-221 -300 22
165 -108 30
-716 -161 73
-87 -167 54
-836 205 9
-409 468 13
-931 -826 85
-782 565 67
79 -263 20
654 917 65
-1 450 20
237 -872 25
-966 869 18
-303 -209 85
174 -753 96
-387 -281 42
976 -251 1
322 711 64
-570 -876 80
-933 808 98
655 672 75
-648 -636 44
986 -118 57
-753 -830 26
239 -542 64
661 -31 20
-220 -751 14
189 476 58
326 -742 93
-100 53 93
-815 465 61
154 -194 47
-68 -539 7
-596 -900 58
-772 -779 28
485 -991 91
230 252 3
341 -255 56
81 -809 96
547 229 65
677 444 73
-590 27 30
-337 76 50
