89 67
957 767 8
-813 -827 47
711 -654 95
656 371 40
-485 240 28
242 -927 75
395 -676 56
307 -195 93
761 42 48
114 916 57
28 -451 5
783 -944 47
-48 908 41
859 -222 55
826 810 68
-664 147 23
-517 -528 4
-639 -335 23
-721 44 66
-264 52 87
146 -628 58
631 -151 95
75 856 98
-255 617 76
-276 -259 58
-670 955 97
-182 464 95
-56 341 68
-489 3 36
894 20 65
55 702 46
355 808 59
842 849 60
-282 162 93
884 141 93
-65 -4 85
-546 926 42
668 432 22
795 859 79
-451 583 62
-367 -379 91
702 32 72
60 39 84
261 204 53
-362 496 27
1 48 47
913 401 80
806 -846 44
486 -983 25
525 -783 8
176 337 7
-441 211 30
397 793 14
544 69 18
748 -456 32
689 -569 8
-134 839 92
555 -935 8
-258 -263 23
-490 377 4
-831 -765 9
-949 -917 94
881 -957 48
-477 -739 21
504 -624 67
416 -997 50
207 -912 32
-690 988 5
-992 -296 79
285 520 96
-769 -415 44
0 -937 40
-82 129 99
239 515 6
847 -460 97
-178 766 80
444 -686 61
963 -539 12
353 407 41
717 -792 4
-83 614 17
61 197 100
-196 -3 66
-329 -706 44
-470 -464 78
987 -141 84
-964 432 72
964 -713 86
-884 -482 5
-651 -804 59
300 -526 66
876 450 5
-495 -524 92
-90 -850 33
-836 210 30
278 621 80
453 -264 33
401 -134 36
77 537 1
-691 -928 50
-163 -672 15
48 482 12
-507 -792 13
-960 -628 97
-526 -785 28
-950 66 86
-49 -71 40
96 314 49
-565 402 98
972 -570 94
650 -112 55
47 -957 75
211 -896 54
902 75 75
-629 885 13
358 643 62
-251 -961 67
967 887 16
250 -250 38
413 909 48
-369 -961 88
-156 -793 14
-374 -594 100
377 690 3
663 -76 8
-159 305 63
-52 -574 76
256 -849 1
-418 -951 48
-374 915 93
-844 -552 97
4 -607 15
170 -236 51
466 -52 18
543 -294 51
817 -751 33
-751 -749 11
262 740 43
312 -200 28
418 -785 4
266 349 61
591 -912 93
445 19 38
-268 965 59
-711 635 48
-450 -9 68
773 -22 93
955 490 54
908 7 88
-393 -192 30
-680 1 77
-469 123 55
424 390 90
881 -828 75
490 674 74
-804 -855 46
