43 74
275 -477 95
-266 628 89
930 723 95
335 888 68
-941 721 60
589 931 32
329 -894 21
-769 -239 61
778 -496 49
113 -792 74
-490 -974 94
-557 -165 36
-628 876 99
-203 -674 98
632 -853 18
265 264 57
-741 -730 1
991 784 1
-572 584 28
966 -661 22
-408 -358 26
104 794 87
281 -581 24
927 983 89
-597 979 50
-389 -956 47
-151 -661 19
-460 -867 43
-383 674 78
200 -994 77
388 449 44
-865 -366 46
676 -374 62
426 -354 24
-15 -33 91
-640 -884 33
997 923 3
944 535 46
730 -173 3
124 613 54
-251 -230 75
722 -982 58
-905 449 24
954 -598 16
547 -497 60
-295 49 46
828 74 33
588 -53 14
207 532 100
632 -248 38
-925 -114 12
-574 -303 66
250 -258 19
-304 -436 90
116 -812 40
404 -352 40
-637 635 11
283 -696 93
411 -367 62
-670 474 7
-835 230 69
891 -169 5
-514 516 77
-296 692 33
-67 333 54
-702 -886 82
-933 641 64
-316 717 27
-733 498 73
945 -729 81
836 613 53
-782 -655 56
-237 -695 8
730 -139 38
-711 -72 80
745 -654 67
-72 966 63
410 494 41
-19 -439 38
-38 -174 19
-770 -228 69
965 -633 81
919 22 44
-632 -818 63
-443 55 71
776 29 47
-871 609 100
-272 422 76
359 -930 98
-374 -256 72
442 368 36
710 -6 34
576 414 92
-399 959 44
330 -635 75
744 -977 61
120 584 33
-333 375 36
-52 -409 65
325 379 46
-288 -440 83
-293 511 53
-284 888 23
781 775 89
-79 999 47
958 -316 67
-710 84 22
-594 713 47
919 748 62
-421 416 11
473 373 94
-147 -649 79
598 917 75
57 363 54
-381 277 71
586 775 82
-446 475 4
