11 44
-517 -379 14
477 -189 62
-683 -816 9
-960 -178 71
879 -408 98
-880 -546 67
99 -263 36
596 -647 14
-464 -561 4
697 312 34
639 -444 25
-407 284 94
967 750 48
-823 730 78
-309 375 50
36 -491 23
-494 -31 36
-818 934 71
721 -386 1
861 -403 74
443 806 40
736 567 66
-601 -153 55
226 -410 56
-76 -670 30
-376 -469 6
-834 -906 60
282 -426 67
94 327 61
435 -298 19
379 -600 9
-155 870 26
300 295 57
-435 -624 46
-108 529 76
-344 299 72
-594 852 42
-794 719 8
450 -532 36
567 192 79
765 -514 16
-322 914 23
-405 -60 4
-913 -269 90
-831 834 37
505 382 42
-963 -339 37
-342 978 20
587 335 53
764 931 80
392 675 10
-400 265 25
831 -91 38
-721 -488 49
226 969 21
