26 21
624 175 11
-7 561 34
-925 -1000 19
357 201 61
977 555 95
-236 -346 99
-956 -442 63
642 -595 94
786 -153 69
104 396 13
-605 153 71
432 648 94
-457 357 79
404 -820 55
-313 -810 47
638 -161 33
-89 432 13
547 -597 90
300 631 38
-801 948 6
205 848 26
695 342 47
-4 910 25
54 179 83
986 429 65
999 876 4
-499 232 56
-377 -269 76
-756 -817 65
802 389 68
-593 -761 78
357 -452 40
472 -599 49
-10 -544 18
223 -571 90
69 -975 25
593 -654 3
327 -319 72
852 374 80
266 -374 48
-228 80 50
-408 -741 87
0 -890 24
-134 216 96
-186 -804 57
-498 650 12
827 235 86
